106.42
106.42
106.42
106.42
106.42
106.42
106.42
106.42
106.42
106.42
106.42
106.42
106.42
106.42
106.42
106.42
106.42
106.42
106.42
106.42
106.42
106.42
106.42
106.42
106.42
106.42
106.42
106.42
106.42
106.42
106.42
106.42
106.42
106.42
106.42
106.42
106.42
106.42
106.42
106.42
63.546
63.546
63.546
63.546
63.546
63.546
63.546
63.546
63.546
63.546
63.546
63.546
63.546
63.546
63.546
63.546
63.546
63.546
63.546
63.546
63.546
63.546
63.546
63.546
63.546
63.546
63.546
63.546
63.546
63.546
63.546
63.546
63.546
63.546
63.546
63.546
63.546
63.546
63.546
63.546
